1756308106942 7.898324966430664 0
1756308111480 12.421587944030762 1
1756308120997 21.932757139205933 2
1756308128841 29.760558128356934 3
1756308134127 35.03719639778137 4
1756308139395 40.29034733772278 5
1756308145219 46.10813021659851 6
1756308153210 54.08809518814087 7
1756308157670 58.54098439216614 8
1756308162480 63.346230268478394 9
1756308166787 67.64908504486084 10
1756308171820 72.67849707603455 11
1756308176749 77.60265016555786 12
1756308181356 82.20207524299622 13
1756308186038 86.8809244632721 14
