1756308186044 7.898324966430664 0
1756308186048 4.523262977600098 1
1756308186051 9.511169195175171 2
1756308186053 7.827800989151001 3
1756308186056 5.2766382694244385 4
1756308186059 5.253150939941406 5
1756308186062 5.817782878875732 6
1756308186065 7.979964971542358 7
1756308186068 4.4528892040252686 8
1756308186070 4.805245876312256 9
1756308186073 4.302854776382446 10
1756308186076 5.029412031173706 11
1756308186079 4.924153089523315 12
1756308186082 4.5994250774383545 13
1756308186084 4.678849220275879 14
