1756308106942 7.898324966430664 0
1756308111480 4.523262977600098 1
1756308120997 9.511169195175171 2
1756308128841 7.827800989151001 3
1756308134127 5.2766382694244385 4
1756308139395 5.253150939941406 5
1756308145219 5.817782878875732 6
1756308153210 7.979964971542358 7
1756308157670 4.4528892040252686 8
1756308162480 4.805245876312256 9
1756308166787 4.302854776382446 10
1756308171820 5.029412031173706 11
1756308176749 4.924153089523315 12
1756308181356 4.5994250774383545 13
1756308186038 4.678849220275879 14
