1756308106942 3505.1245608507884 0
1756308111480 3483.6764616774167 1
1756308120997 3467.3567859385616 2
1756308128841 3452.1719267987924 3
1756308134127 3438.638909330825 4
1756308139395 3427.0508915963146 5
1756308145219 3416.5575876942426 6
1756308153210 3406.648530549822 7
1756308157670 3397.3352817455097 8
1756308162480 3389.204568813411 9
1756308166787 3381.1379455905844 10
1756308171820 3374.022371114707 11
1756308176749 3366.981257144482 12
1756308181356 3360.5013005459814 13
1756308186038 3354.5023362813868 14
