1756308186044 3505.1245608507884 0
1756308186048 3483.6764616774167 1
1756308186051 3467.3567859385616 2
1756308186053 3452.1719267987924 3
1756308186056 3438.638909330825 4
1756308186059 3427.0508915963146 5
1756308186062 3416.5575876942426 6
1756308186065 3406.648530549822 7
1756308186068 3397.3352817455097 8
1756308186070 3389.204568813411 9
1756308186073 3381.1379455905844 10
1756308186076 3374.022371114707 11
1756308186079 3366.981257144482 12
1756308186082 3360.5013005459814 13
1756308186084 3354.5023362813868 14
